   34144  162184 1216380       0       0       0       0       0       0   10500   10920  141960  340704 2433600 2402400 4204200 2802800       0       0       0
 9507960 3298680 5452920  991440 1412802 4986360 5355720 5058180 3549600 5797680 28655201163064013956768  569664  741888  666624       0       0       0       0
 8981847 6098785 9832735 4440590 1764070 2982882 2680818 7659480176960401008484012499520 9374640  419760  388080   57330   68796 1490580       0       0       0
 7953400  611800  524400   60720  110880 1912680  765072 4729536 6306048   91392  121856  100352  127232 4707584  294224  189144  242424       0       0       0
  774752 1796016 38817121528424119159119154024292114960412085488 7332768 3934656 1710720 1900800  985600 2956800 2439360  792792 2265120       0       0       0
 2165760 8933760  570240  801900   26730   11880  297000  217800 577170010231650 491119212501216 4717440 2116800  999600  142800  357000       0       0       0
 711244814224896 3338496 2761472  986240  400660  661960  395200 2647840 6008560 85384801494234014719320 4490640 3160080 2889216 3064320       0       0       0
 2369120   70720  168640  101184   29760 1413600 1436400112518002194101014550354 1847664  786240 1834560 19219201177176027663636 6383916       0       0       0
  382800 1052700 1397220 23849101240153218226494 4244526 334417210032516 992908848477312 8701056 9816576 3476704 37280321677614413725936       0       0       0
  156492  558900       0       0       0       0 3009600 1386000  441000       0       0       0       0 6638874 3373854 3373854 3304290       0       0       0
 1967784  555016 2448600 1432200 3427050 2336625 2928570  283410  338400   90240   59520  317440   55552  124992  106848  373968 2457504       0       0       0
  131040  786240  705600 4374720 4895520 2804725 464783013193840 6737280       0       0       0       0  793152 1353024 2129760 5058180       0       0       0
       0       0       010615920 1548155  221165  137060   67760  358160 3151808 4297920 2051280 3215520 3727080 3354372 2715444 2715444       0       0       0
 8372160 2203200 2588760 1502120 1524210 8535576 662869212975312 2444624 7508488 5348512  988312 5853848  272272  466004 1507660  783200       0       0       0
  138112 3349216 225428027896715 5377680  388080 1075536  619248 1238496 2830848  758784  346112  854464 1762332 1830114 6898122 5762988       0       0       0
187418881213963220907144 6149160 5088960  267840  198720  327888  305118 4678476 5593830 2034120  971520 1330560 2249856 993686421426363       0       0       0
  196224 1864128 1109600 2704650  407550  257400  967824 1786752 2923776  974592  476928  192096  341504 1707520 2301440 6031360 6785280       0       0       0
 2036880 7332768 3188160 2036880 4371840 2064480 426659218364896143997483472880437529514223660742755241024864370 1484440  905760  170496       0       0       0
 1481900 5779410 2454270 6310980  217620  206460  206460  112406 7980826 51767521436131223740128 5349888 2563488 1699056  104880  353970       0       0       0
  26838022275540162293221622932215772158 3040416 5484672 3351744 2331648 8889408 4154832 6547008  136396  199004   87932  113297 5438256       0       0       0
